  0.20   1.61
  0.14   2.04
  0.53   1.70
  0.32   2.68
  0.26   2.01
  0.25   1.74
  0.38   2.09
  0.95   1.70
  0.33   1.85
  0.51   1.92
  0.45   1.38
  0.48   2.15
  1.18   1.64
  0.13   2.20
  0.26   2.01
  0.35   2.04
  0.13   2.16
  0.26   1.95
  0.27   4.20
  0.14   2.02
  0.25   1.92
  0.07   2.33
  0.05   2.40
  0.39   1.93
  1.44   1.68
  0.25   2.04
  0.30   2.15
  0.28   2.03
  0.09   2.12
  0.19   2.15
  0.30   2.15
  0.14   2.18
  0.28   1.72
  0.09   2.12
  0.20   2.58
  0.20   2.20
  0.06   2.18
  0.15   1.80
  0.11   2.00
  0.44   1.85
  0.18   2.00
  0.21   2.31
  0.09   1.98
  0.05   2.44
  0.56   1.86
  1.64   1.51
  1.38   1.40
  0.52   1.41
  0.57   2.32
  0.48   1.49
  7.52   0.43
  7.33   0.49
  7.28   0.45
  8.98   0.40
 10.46   0.47
 10.12   0.49
 10.80   0.42
 12.74   0.43
 12.90   0.46
 12.30   0.39
 12.33   0.47
 14.61   0.50
 14.61   0.51
 13.03   0.38
 14.69   0.54
 15.49  14.83
 15.11   0.41
 13.39   0.50
 11.42   0.49
 13.74   0.60
 13.13   0.40
 12.31   0.51
  9.52   0.54
  8.68   0.59
 11.66   0.60
  8.41   0.54
  8.84   0.53
 11.55   0.47
  8.52   0.55
 11.75   0.71
 10.79   0.47
  7.97   0.45
  7.39   0.51
  5.91   0.53
  9.08   0.50
  6.32   0.60
  5.88   0.57
  9.21   0.60
 11.38   0.52
  7.27   0.51
  9.22   0.47
 11.43   0.47
 12.20   0.47
 12.54   0.41
 12.84   0.46
 10.06   0.47
 10.02   0.55
 10.55   0.55
 13.07   0.52
 11.62   0.47
 13.76   0.46
 14.49   0.43
 12.66   0.55
 14.95   0.57
 15.18   0.65
 14.48   0.47
 14.64   0.49
 12.58   0.49
 12.20   0.47
 11.56   0.43
 10.08   0.45
  8.01   0.58
  7.34   0.45
  8.47   0.39
  9.77   0.42
  9.53   0.50
  8.93   0.53
  8.74   0.54
  8.32   0.47
  6.27   0.60
  5.47   0.63
  7.54   0.56
 10.08   0.54
 12.05   0.46
 14.67   0.57
 15.24   0.60
 14.04   0.51
 12.96   0.49
 11.16   0.51
 12.39   0.36
 14.49   0.50
 15.26   0.53
 15.37   2.22
 14.97   0.46
 13.20   0.54
 12.69   0.60
 14.50   0.46
 13.61   0.47
 12.11   0.56
 12.49   0.41
 10.98   0.45
  9.32   0.50
  0.98   1.40
  1.14   1.28
  0.90   1.55
  0.64   1.48
  1.20   1.38
  1.56   1.28
  3.26   0.96
  3.28   1.00
  3.25   1.14
  1.00   1.37
  0.90   1.40
  3.05   0.80
  3.05   1.15
  0.86   1.46
  0.55   1.52
  2.53   1.07
  5.86   0.76
  6.43   0.74
  6.66   0.73
  6.54   0.65
  3.72   0.93
  7.17   0.47
  8.49   0.29
  8.62   0.32
  8.71   7.57
  8.33   0.40
  7.96   0.39
  7.81   0.42
  4.70   0.87
  2.08   1.17
  0.81   1.04
  4.58   0.93
  3.65   1.15
  1.76   1.19
  2.09   1.06
  1.72   1.23
  1.14   1.30
  0.65   1.57
  0.54   1.58
  1.58   1.31
  1.64   1.01
  2.04   1.23
  1.39   1.00
  0.95   1.35
  2.85   1.10
  2.21   1.20
  0.54   1.63
  5.19   0.81
  4.40   0.91
  4.01   0.87
  2.05   1.36
  1.74   1.20
  1.38   1.27
  1.13   1.30
  3.14   0.96
  3.75   1.03
  4.31   0.84
  7.10   0.68
  7.22   0.76
  7.95   0.70
  7.81   0.60
  5.02   0.75
  5.07   0.81
  8.19   0.60
  9.74   0.41
  9.73   0.41
  9.50   0.36
  9.91   6.35
  9.28   0.36
  9.24   0.36
  7.12   0.64
  6.13   0.68
  2.82   1.05
  1.15   1.27
  6.42   0.75
  5.86   0.65
  1.66   1.25
  1.62   1.23
  2.51   0.96
  2.65   1.17
  0.92   1.35
  0.82   1.41
  0.70   1.44
  5.82   0.67
  6.05   0.67
  5.58   0.60
  5.59   0.82
  6.49   0.65
  7.70   0.55
  8.60   0.49
  8.23   0.52
 10.68   0.50
 10.34   0.57
  9.28   0.60
  8.46   0.73
  8.72   0.60
  7.98   0.54
  8.11   0.61
  9.12   0.67
  9.29   0.75
  9.34   1.21
  9.34   0.51
  9.61   0.62
 10.29   0.54
  9.32   0.43
  8.26   0.61
  7.80   0.47
  9.21   0.63
  7.83   0.53
  9.54   0.80
  8.04   0.63
  9.09   0.71
  7.85   0.70
  5.50   0.66
  4.90   0.60
  7.24   0.70
  4.83   0.58
  7.91   0.70
  5.55   0.72
  5.19   0.65
  8.24   0.59
  9.62   0.65
 10.08   0.57
 10.22   0.45
  8.91   0.55
 10.80   0.59
 10.98   0.62
 10.63   0.68
  9.02   0.51
  5.81   0.63
  8.18   0.46
 10.27   0.50
 11.55   5.53
 11.53   0.54
  9.54   0.53
 11.16   0.50
 10.86   0.65
 11.21   0.51
  9.13   0.53
  8.75   0.50
 10.04   0.49
  9.69   0.50
 11.15   0.78
 10.17   0.63
  7.59   0.51
  8.86   0.54
  5.85   0.53
 10.70   0.65
 10.64   0.60
  9.23   0.47
  8.26   0.60
  9.89   0.64
 10.11   0.72
  9.03   0.60
  6.31   0.51
  5.76   0.60
  8.32   0.67
  9.76   0.63
  9.37   0.62
  7.62   0.57
  7.56   0.49
  8.64   0.67
  8.68   0.65
  8.74   0.57
  6.23   0.63
  6.33   0.54
  6.65   0.58
  8.33   0.51
  8.37   0.73
  7.50   0.56
  7.77   0.74
  6.93   0.54
  6.93   0.43
  9.87   0.46
 11.24   0.65
 10.59   0.47
 11.82   0.55
 11.14   0.55
  8.42   0.56
  8.63   0.43
 11.06   0.55
 12.31   0.45
 11.32   0.45
 11.62   0.47
 12.47  14.83
 10.55   0.59
  8.50   0.50
 11.25   0.39
 12.28   0.47
 11.41   0.47
 11.72   0.42
 10.76   0.43
  7.78   0.51
  8.93   0.43
 10.47   0.59
 10.40   0.46
  9.72   0.57
  9.35   0.46
  9.66   0.46
  9.55   0.38
  9.10   0.51
 10.16   0.74
  9.64   0.45
 10.72   0.60
 10.06   0.66
  7.96   0.46
  6.65   0.40
  8.85   0.60
  6.06   0.58
  9.06   0.65
 10.83   3.15
  9.40   0.47
 10.52   0.60
 10.58   0.62
  9.08   0.56
  5.68   0.62
  6.23   0.71
  5.98   0.46
  8.85   0.67
 10.39   0.69
  8.84   0.51
  9.67   0.60
  7.85   0.65
  9.85   0.67
  9.21   0.55
  6.18   0.76
  6.07   0.57
  8.36   0.58
  9.05   0.64
  9.14   0.81
  7.58   0.50
  7.54   0.49
  8.54   0.70
  8.74   0.61
  5.86   0.59
  6.00   0.61
  6.62   0.54
  7.99   0.55
  7.77   0.70
  7.75   0.53
  6.64   0.46
  7.31   0.49
  7.51   0.40
  9.10   0.43
  8.98   0.45
 10.14   0.30
 10.65   0.47
 10.30   0.36
  8.96   0.40
  9.01   0.38
 10.46   0.30
 10.82   2.22
 10.05   0.36
  8.38   0.50
  9.48   0.46
  7.63   0.42
  7.30   0.43
